Elapsed Time (s), Position (X), Position (Y), Position (Z)
64963.670, -288.608, 7.679, -146.829
64963.680, -288.608, 7.679, -146.829
64963.690, -288.564, 7.672, -146.821
64963.710, -288.608, 7.679, -146.826
64963.720, -288.608, 7.679, -146.823
64963.730, -288.564, 7.672, -146.815
64963.750, -288.608, 7.679, -146.818
64963.760, -288.608, 7.679, -146.816
64963.770, -288.564, 7.671, -146.807
64963.790, -288.608, 7.679, -146.810
64963.800, -288.608, 7.679, -146.809
64963.820, -288.564, 7.671, -146.801
64963.830, -288.609, 7.679, -146.806
64963.840, -288.609, 7.679, -146.806
64963.860, -288.564, 7.671, -146.801
64963.870, -288.608, 7.680, -146.809
64963.880, -288.608, 7.680, -146.812
64963.900, -288.564, 7.671, -146.810
64963.910, -288.608, 7.680, -146.821
64963.930, -288.608, 7.680, -146.828
64963.940, -288.608, 7.680, -146.828
64963.950, -288.563, 7.672, -146.823
64963.970, -288.608, 7.680, -146.828
64963.980, -288.608, 7.680, -146.828
64964.000, -288.563, 7.672, -146.823
64964.010, -288.608, 7.680, -146.828
64964.020, -288.608, 7.680, -146.828
64964.040, -288.563, 7.672, -146.823
64964.050, -288.608, 7.681, -146.828
64964.070, -288.608, 7.681, -146.828
64964.080, -288.608, 7.681, -146.828
64964.090, -288.563, 7.672, -146.823
64964.110, -288.607, 7.681, -146.828
64964.120, -288.607, 7.681, -146.828
64964.130, -288.563, 7.672, -146.823
64964.150, -288.607, 7.681, -146.828
64964.160, -288.607, 7.681, -146.828
64964.180, -288.563, 7.672, -146.823
64964.190, -288.607, 7.681, -146.828
64964.200, -288.607, 7.681, -146.828
64964.220, -288.563, 7.672, -146.823
64964.230, -288.607, 7.681, -146.828
64964.250, -288.607, 7.681, -146.828
64964.260, -288.607, 7.681, -146.828
64964.270, -288.563, 7.672, -146.823
64964.290, -288.607, 7.681, -146.827
64964.300, -288.607, 7.681, -146.827
64964.320, -288.563, 7.672, -146.823
64964.330, -288.607, 7.681, -146.827
64964.340, -288.607, 7.681, -146.827
64964.360, -288.563, 7.672, -146.823
64964.370, -288.607, 7.682, -146.827
64964.390, -288.607, 7.682, -146.827
64964.400, -288.563, 7.672, -146.823
64964.410, -288.607, 7.682, -146.827
64964.430, -288.607, 7.682, -146.827
64964.440, -288.607, 7.682, -146.827
64964.450, -288.563, 7.672, -146.823
64964.470, -288.607, 7.682, -146.827
64964.480, -288.607, 7.682, -146.827
64964.500, -288.563, 7.672, -146.823
64964.510, -288.607, 7.682, -146.827
64964.520, -288.607, 7.682, -146.827
64964.540, -288.563, 7.672, -146.823
64964.550, -288.607, 7.682, -146.827
64964.570, -288.607, 7.682, -146.827
64964.580, -288.607, 7.682, -146.827
64964.590, -288.563, 7.672, -146.823
64964.610, -288.607, 7.682, -146.827
64964.620, -288.607, 7.682, -146.826
64964.640, -288.563, 7.672, -146.823
64964.650, -288.607, 7.682, -146.826
64964.660, -288.607, 7.682, -146.826
64964.680, -288.563, 7.672, -146.823
64964.690, -288.607, 7.683, -146.826
64964.700, -288.607, 7.683, -146.826
64964.720, -288.563, 7.672, -146.823
64964.730, -288.607, 7.683, -146.826
64964.750, -288.607, 7.683, -146.826
64964.760, -288.607, 7.683, -146.826
64964.770, -288.563, 7.672, -146.823
64964.790, -288.607, 7.683, -146.826
64964.800, -288.607, 7.683, -146.826
64964.810, -288.563, 7.672, -146.823
64964.830, -288.607, 7.683, -146.826
64964.840, -288.607, 7.683, -146.826
64964.860, -288.563, 7.672, -146.823
64964.870, -288.607, 7.683, -146.826
64964.890, -288.607, 7.683, -146.826
64964.900, -288.607, 7.683, -146.826
64964.910, -288.563, 7.672, -146.823
64964.930, -288.607, 7.683, -146.826
64964.940, -288.607, 7.683, -146.826
64964.950, -288.563, 7.672, -146.823
64964.970, -288.607, 7.683, -146.826
64964.980, -288.607, 7.683, -146.825
64965.000, -288.563, 7.672, -146.823
64965.010, -288.607, 7.684, -146.825
64965.020, -288.607, 7.684, -146.825
64965.040, -288.563, 7.672, -146.823
64965.050, -288.606, 7.684, -146.825
64965.070, -288.606, 7.684, -146.825
64965.080, -288.606, 7.684, -146.825
64965.090, -288.563, 7.672, -146.823
64965.110, -288.606, 7.684, -146.825
64965.120, -288.606, 7.684, -146.825
64965.130, -288.563, 7.672, -146.823
64965.150, -288.606, 7.684, -146.825
64965.160, -288.606, 7.684, -146.825
64965.180, -288.563, 7.672, -146.823
64965.190, -288.606, 7.684, -146.825
64965.200, -288.606, 7.684, -146.825
64965.220, -288.606, 7.684, -146.825
64965.230, -288.563, 7.672, -146.823
64965.250, -288.606, 7.684, -146.825
64965.260, -288.606, 7.684, -146.825
64965.270, -288.563, 7.672, -146.823
64965.290, -288.606, 7.684, -146.825
64965.300, -288.606, 7.684, -146.825
64965.320, -288.563, 7.672, -146.823
64965.330, -288.606, 7.685, -146.824
64965.340, -288.606, 7.685, -146.824
64965.360, -288.563, 7.672, -146.823
64965.370, -288.606, 7.685, -146.824
64965.380, -288.606, 7.685, -146.824
64965.400, -288.606, 7.685, -146.824
64965.410, -288.563, 7.672, -146.823
64965.430, -288.606, 7.685, -146.824
64965.440, -288.606, 7.685, -146.824
64965.450, -288.563, 7.672, -146.823
64965.470, -288.606, 7.685, -146.824
64965.480, -288.606, 7.685, -146.824
64965.500, -288.563, 7.672, -146.823
64965.510, -288.606, 7.685, -146.824
64965.520, -288.606, 7.685, -146.824
64965.540, -288.563, 7.672, -146.823
64965.550, -288.606, 7.685, -146.824
64965.570, -288.606, 7.685, -146.824
64965.580, -288.606, 7.685, -146.824
64965.590, -288.563, 7.672, -146.823
64965.610, -288.606, 7.685, -146.824
64965.620, -288.606, 7.685, -146.824
64965.640, -288.563, 7.672, -146.823
64965.650, -288.606, 7.685, -146.824
64965.660, -288.606, 7.686, -146.824
64965.680, -288.563, 7.672, -146.823
64965.690, -288.606, 7.686, -146.823
64965.700, -288.606, 7.686, -146.823
64965.720, -288.606, 7.686, -146.823
64965.730, -288.563, 7.672, -146.823
64965.750, -288.606, 7.686, -146.823
64965.760, -288.606, 7.686, -146.823
64965.770, -288.563, 7.672, -146.823
64965.790, -288.606, 7.686, -146.823
64965.800, -288.606, 7.686, -146.823
64965.820, -288.563, 7.672, -146.823
64965.830, -288.606, 7.686, -146.823
64965.840, -288.606, 7.686, -146.823
64965.860, -288.563, 7.672, -146.823
64965.870, -288.606, 7.686, -146.823
64965.890, -288.606, 7.686, -146.823
64965.900, -288.606, 7.686, -146.823
64965.910, -288.563, 7.672, -146.823
64965.930, -288.606, 7.686, -146.823
64965.940, -288.606, 7.686, -146.823
64965.950, -288.563, 7.672, -146.823
64965.970, -288.606, 7.686, -146.823
64965.980, -288.606, 7.686, -146.823
64966.000, -288.563, 7.672, -146.823
64966.010, -288.606, 7.687, -146.823
64966.020, -288.605, 7.687, -146.823
64966.040, -288.563, 7.672, -146.823
64966.050, -288.605, 7.687, -146.823
64966.070, -288.605, 7.687, -146.822
64966.080, -288.605, 7.687, -146.822
64966.090, -288.563, 7.672, -146.823
64966.110, -288.605, 7.687, -146.822
64966.120, -288.605, 7.687, -146.822
64966.140, -288.563, 7.672, -146.823
64966.150, -288.605, 7.687, -146.822
64966.160, -288.605, 7.687, -146.822
64966.180, -288.563, 7.672, -146.823
64966.190, -288.605, 7.687, -146.822
64966.210, -288.605, 7.687, -146.822
64966.220, -288.605, 7.687, -146.822
64966.230, -288.563, 7.672, -146.823
64966.250, -288.605, 7.687, -146.822
64966.260, -288.605, 7.687, -146.822
64966.270, -288.563, 7.672, -146.823
64966.290, -288.605, 7.687, -146.822
64966.300, -288.605, 7.687, -146.822
64966.310, -288.563, 7.672, -146.823
64966.330, -288.605, 7.687, -146.822
64966.340, -288.605, 7.688, -146.822
64966.360, -288.563, 7.672, -146.823
64966.370, -288.605, 7.688, -146.822
64966.390, -288.605, 7.688, -146.822
64966.400, -288.605, 7.688, -146.822
64966.410, -288.563, 7.672, -146.823
64966.430, -288.605, 7.688, -146.821
64966.440, -288.605, 7.688, -146.821
64966.460, -288.563, 7.672, -146.823
64966.470, -288.605, 7.688, -146.821
64966.480, -288.605, 7.688, -146.821
64966.500, -288.563, 7.672, -146.823
64966.510, -288.605, 7.688, -146.821
64966.520, -288.605, 7.688, -146.821
64966.540, -288.563, 7.672, -146.823
64966.550, -288.605, 7.688, -146.821
64966.570, -288.605, 7.688, -146.821
64966.580, -288.605, 7.688, -146.821
64966.590, -288.563, 7.672, -146.823
64966.610, -288.605, 7.688, -146.821
64966.620, -288.605, 7.688, -146.821
64966.630, -288.563, 7.672, -146.823
64966.650, -288.605, 7.688, -146.821
64966.660, -288.605, 7.688, -146.821
64966.680, -288.563, 7.672, -146.823
64966.690, -288.605, 7.689, -146.821
64966.710, -288.605, 7.689, -146.821
64966.720, -288.605, 7.689, -146.821
64966.730, -288.563, 7.672, -146.823
64966.750, -288.605, 7.689, -146.821
64966.760, -288.605, 7.689, -146.821
64966.770, -288.563, 7.672, -146.823
64966.790, -288.605, 7.689, -146.821
64966.800, -288.605, 7.689, -146.820
64966.820, -288.563, 7.672, -146.823
64966.830, -288.605, 7.689, -146.820
64966.840, -288.605, 7.689, -146.820
64966.860, -288.563, 7.672, -146.823
64966.870, -288.605, 7.689, -146.820
64966.890, -288.605, 7.689, -146.820
64966.900, -288.605, 7.689, -146.820
64966.910, -288.563, 7.672, -146.823
64966.930, -288.605, 7.689, -146.820
64966.940, -288.605, 7.689, -146.820
64966.950, -288.563, 7.672, -146.823
64966.970, -288.605, 7.689, -146.820
64966.980, -288.605, 7.689, -146.820
64967.000, -288.563, 7.672, -146.823
64967.010, -288.605, 7.689, -146.820
64967.020, -288.605, 7.689, -146.820
64967.040, -288.563, 7.672, -146.823
64967.050, -288.605, 7.690, -146.820
64967.070, -288.604, 7.690, -146.820
64967.080, -288.604, 7.690, -146.820
64967.090, -288.563, 7.672, -146.823
64967.110, -288.604, 7.690, -146.820
64967.120, -288.604, 7.690, -146.820
64967.140, -288.563, 7.672, -146.823
64967.150, -288.604, 7.690, -146.820
64967.160, -288.604, 7.690, -146.820
64967.180, -288.563, 7.672, -146.823
64967.190, -288.604, 7.690, -146.820
64967.200, -288.604, 7.690, -146.819
64967.220, -288.604, 7.690, -146.819
64967.230, -288.563, 7.672, -146.823
64967.250, -288.604, 7.690, -146.819
64967.260, -288.604, 7.690, -146.819
64967.270, -288.563, 7.672, -146.823
64967.290, -288.604, 7.690, -146.819
64967.300, -288.604, 7.690, -146.819
64967.320, -288.563, 7.672, -146.823
64967.330, -288.604, 7.690, -146.819
64967.340, -288.604, 7.690, -146.819
64967.360, -288.563, 7.672, -146.823
64967.370, -288.604, 7.690, -146.819
64967.390, -288.604, 7.690, -146.819
64967.400, -288.604, 7.691, -146.819
64967.410, -288.563, 7.672, -146.823
64967.430, -288.604, 7.691, -146.819
64967.440, -288.604, 7.691, -146.819
64967.450, -288.563, 7.672, -146.823
64967.470, -288.604, 7.691, -146.819
64967.480, -288.604, 7.691, -146.819
64967.500, -288.563, 7.672, -146.823
64967.510, -288.604, 7.691, -146.819
64967.520, -288.604, 7.691, -146.819
64967.540, -288.563, 7.672, -146.823
64967.550, -288.604, 7.691, -146.819
64967.570, -288.604, 7.691, -146.819
64967.580, -288.604, 7.691, -146.819
64967.590, -288.563, 7.672, -146.823
64967.610, -288.604, 7.691, -146.818
64967.620, -288.604, 7.691, -146.818
64967.640, -288.563, 7.672, -146.823
64967.650, -288.604, 7.691, -146.818
64967.660, -288.604, 7.691, -146.818
64967.680, -288.563, 7.672, -146.823
64967.690, -288.604, 7.691, -146.818
64967.700, -288.604, 7.691, -146.818
64967.720, -288.604, 7.691, -146.818
64967.730, -288.563, 7.672, -146.823
64967.750, -288.604, 7.691, -146.818
64967.760, -288.604, 7.692, -146.818
64967.770, -288.563, 7.672, -146.823
64967.790, -288.604, 7.692, -146.818
64967.800, -288.604, 7.692, -146.818
64967.820, -288.563, 7.672, -146.823
64967.830, -288.604, 7.692, -146.818
64967.840, -288.604, 7.692, -146.818
64967.860, -288.563, 7.672, -146.823
64967.870, -288.604, 7.692, -146.818
64967.890, -288.604, 7.692, -146.818
64967.900, -288.604, 7.692, -146.818
64967.910, -288.563, 7.672, -146.823
64967.930, -288.604, 7.692, -146.818
64967.940, -288.604, 7.692, -146.818
64967.960, -288.563, 7.672, -146.823
64967.970, -288.604, 7.692, -146.818
64967.980, -288.604, 7.692, -146.818
64968.000, -288.563, 7.672, -146.823
64968.010, -288.604, 7.692, -146.817
64968.020, -288.604, 7.692, -146.817
64968.040, -288.563, 7.672, -146.823
64968.050, -288.604, 7.692, -146.817
64968.070, -288.604, 7.692, -146.817
64968.080, -288.604, 7.692, -146.817
64968.090, -288.563, 7.672, -146.823
64968.110, -288.604, 7.692, -146.817
64968.120, -288.604, 7.692, -146.817
64968.130, -288.563, 7.672, -146.823
64968.150, -288.604, 7.693, -146.817
64968.160, -288.603, 7.693, -146.817
64968.180, -288.563, 7.672, -146.823
64968.190, -288.603, 7.693, -146.817
64968.200, -288.603, 7.693, -146.817
64968.220, -288.603, 7.693, -146.817
64968.230, -288.563, 7.672, -146.823
64968.250, -288.603, 7.693, -146.817
64968.260, -288.603, 7.693, -146.817
64968.270, -288.563, 7.672, -146.823
64968.290, -288.603, 7.693, -146.817
64968.300, -288.603, 7.693, -146.817
64968.320, -288.563, 7.672, -146.823
64968.330, -288.603, 7.693, -146.817
64968.340, -288.603, 7.693, -146.817
64968.360, -288.563, 7.672, -146.823
64968.370, -288.603, 7.693, -146.817
64968.390, -288.603, 7.693, -146.817
64968.400, -288.603, 7.693, -146.817
64968.410, -288.563, 7.672, -146.823
64968.430, -288.603, 7.693, -146.816
64968.440, -288.603, 7.693, -146.816
64968.450, -288.563, 7.672, -146.823
64968.470, -288.603, 7.693, -146.816
64968.480, -288.603, 7.693, -146.816
64968.500, -288.563, 7.672, -146.823
64968.510, -288.603, 7.694, -146.816
64968.520, -288.603, 7.694, -146.816
64968.540, -288.563, 7.672, -146.823
64968.550, -288.603, 7.694, -146.816
64968.570, -288.603, 7.694, -146.816
64968.580, -288.603, 7.694, -146.816
64968.590, -288.563, 7.672, -146.823
64968.610, -288.603, 7.694, -146.816
64968.620, -288.603, 7.694, -146.816
64968.630, -288.563, 7.672, -146.823
64968.650, -288.603, 7.694, -146.816
64968.660, -288.603, 7.694, -146.816
64968.680, -288.563, 7.672, -146.823
64968.690, -288.603, 7.694, -146.816
64968.710, -288.603, 7.694, -146.816
64968.720, -288.603, 7.694, -146.816
64968.730, -288.563, 7.672, -146.823
64968.750, -288.603, 7.694, -146.816
64968.760, -288.603, 7.694, -146.816
64968.770, -288.563, 7.672, -146.823
64968.790, -288.603, 7.694, -146.816
64968.800, -288.603, 7.694, -146.816
64968.820, -288.563, 7.672, -146.823
64968.830, -288.603, 7.694, -146.816
64968.840, -288.603, 7.694, -146.815
64968.860, -288.563, 7.672, -146.823
64968.870, -288.603, 7.694, -146.815
64968.890, -288.603, 7.694, -146.815
64968.900, -288.603, 7.695, -146.815
64968.910, -288.563, 7.672, -146.823
64968.930, -288.603, 7.695, -146.815
64968.940, -288.603, 7.695, -146.815
64968.950, -288.563, 7.672, -146.823
64968.970, -288.603, 7.695, -146.815
64968.980, -288.603, 7.695, -146.815
64969.000, -288.563, 7.672, -146.823
64969.010, -288.603, 7.695, -146.815
64969.020, -288.603, 7.695, -146.815
64969.040, -288.563, 7.672, -146.823
64969.050, -288.603, 7.695, -146.815
64969.070, -288.603, 7.695, -146.815
64969.080, -288.603, 7.695, -146.815
64969.090, -288.563, 7.672, -146.823
64969.110, -288.603, 7.695, -146.815
64969.120, -288.603, 7.695, -146.815
64969.140, -288.563, 7.672, -146.823
64969.150, -288.603, 7.695, -146.815
64969.160, -288.603, 7.695, -146.815
64969.180, -288.563, 7.672, -146.823
64969.190, -288.603, 7.695, -146.815
64969.210, -288.603, 7.695, -146.815
64969.220, -288.603, 7.695, -146.815
64969.230, -288.563, 7.672, -146.823
64969.250, -288.603, 7.695, -146.815
64969.260, -288.603, 7.695, -146.815
64969.270, -288.563, 7.672, -146.823
64969.290, -288.602, 7.695, -146.814
64969.300, -288.602, 7.696, -146.814
64969.320, -288.563, 7.672, -146.823
64969.330, -288.602, 7.696, -146.814
64969.340, -288.602, 7.696, -146.814
64969.360, -288.563, 7.672, -146.823
64969.370, -288.602, 7.696, -146.814
64969.390, -288.602, 7.696, -146.814
64969.400, -288.602, 7.696, -146.814
64969.410, -288.563, 7.672, -146.823
64969.430, -288.602, 7.696, -146.814
64969.440, -288.602, 7.696, -146.814
64969.450, -288.563, 7.672, -146.823
64969.470, -288.602, 7.696, -146.814
64969.480, -288.602, 7.696, -146.814
64969.500, -288.563, 7.672, -146.823
64969.510, -288.602, 7.696, -146.814
64969.520, -288.602, 7.696, -146.814
64969.540, -288.563, 7.672, -146.823
64969.550, -288.602, 7.696, -146.814
64969.570, -288.602, 7.696, -146.814
64969.580, -288.602, 7.696, -146.814
64969.590, -288.563, 7.672, -146.823
64969.610, -288.602, 7.696, -146.814
64969.620, -288.602, 7.696, -146.814
64969.640, -288.563, 7.672, -146.823
64969.650, -288.602, 7.696, -146.814
64969.660, -288.602, 7.696, -146.814
64969.680, -288.563, 7.672, -146.823
64969.690, -288.602, 7.696, -146.814
64969.710, -288.602, 7.697, -146.814
64969.720, -288.602, 7.697, -146.813
64969.730, -288.563, 7.672, -146.823
64969.750, -288.602, 7.697, -146.813
64969.760, -288.602, 7.697, -146.813
64969.770, -288.563, 7.672, -146.823
64969.790, -288.602, 7.697, -146.813
64969.800, -288.602, 7.697, -146.813
64969.820, -288.563, 7.672, -146.823
64969.830, -288.602, 7.697, -146.813
64969.840, -288.602, 7.697, -146.813
64969.860, -288.563, 7.672, -146.823
64969.870, -288.602, 7.697, -146.813
64969.890, -288.602, 7.697, -146.813
64969.900, -288.602, 7.697, -146.813
64969.910, -288.563, 7.672, -146.823
64969.930, -288.602, 7.697, -146.813
64969.940, -288.602, 7.697, -146.813
64969.950, -288.563, 7.672, -146.823
64969.970, -288.602, 7.697, -146.813
64969.980, -288.602, 7.697, -146.813
64970.000, -288.563, 7.672, -146.823
64970.010, -288.602, 7.697, -146.813
64970.020, -288.602, 7.697, -146.813
64970.040, -288.563, 7.672, -146.823
64970.050, -288.602, 7.697, -146.813
64970.070, -288.602, 7.697, -146.813
64970.080, -288.602, 7.697, -146.813
64970.090, -288.563, 7.672, -146.823
64970.110, -288.602, 7.698, -146.813
64970.120, -288.602, 7.698, -146.813
64970.140, -288.563, 7.672, -146.823
64970.150, -288.602, 7.698, -146.813
64970.160, -288.602, 7.698, -146.813
64970.180, -288.563, 7.672, -146.823
64970.190, -288.602, 7.698, -146.812
64970.210, -288.602, 7.698, -146.812
64970.220, -288.602, 7.698, -146.812
64970.230, -288.563, 7.672, -146.823
64970.250, -288.602, 7.698, -146.812
64970.260, -288.602, 7.698, -146.812
64970.270, -288.563, 7.672, -146.823
64970.290, -288.602, 7.698, -146.812
64970.300, -288.602, 7.698, -146.812
64970.320, -288.563, 7.672, -146.823
64970.330, -288.602, 7.698, -146.812
64970.340, -288.602, 7.698, -146.812
64970.360, -288.563, 7.672, -146.823
64970.370, -288.602, 7.698, -146.812
64970.390, -288.602, 7.698, -146.812
64970.400, -288.602, 7.698, -146.812
64970.410, -288.563, 7.672, -146.823
64970.430, -288.602, 7.698, -146.812
64970.440, -288.602, 7.698, -146.812
64970.450, -288.563, 7.672, -146.823
64970.470, -288.602, 7.698, -146.812
64970.480, -288.602, 7.698, -146.812
64970.500, -288.563, 7.672, -146.823
64970.510, -288.602, 7.698, -146.812
64970.520, -288.601, 7.699, -146.812
64970.540, -288.563, 7.672, -146.823
64970.550, -288.601, 7.699, -146.812
64970.570, -288.601, 7.699, -146.812
64970.580, -288.601, 7.699, -146.812
64970.600, -288.563, 7.672, -146.823
64970.610, -288.601, 7.699, -146.812
64970.620, -288.601, 7.699, -146.812
64970.640, -288.563, 7.672, -146.823
64970.650, -288.601, 7.699, -146.811
64970.660, -288.601, 7.699, -146.811
64970.680, -288.563, 7.672, -146.823
64970.690, -288.601, 7.699, -146.811
64970.710, -288.601, 7.699, -146.811
64970.720, -288.601, 7.699, -146.811
64970.730, -288.563, 7.672, -146.823
64970.750, -288.601, 7.699, -146.811
64970.760, -288.601, 7.699, -146.811
64970.770, -288.563, 7.672, -146.823
64970.790, -288.601, 7.699, -146.811
64970.800, -288.601, 7.699, -146.811
64970.820, -288.563, 7.672, -146.823
64970.830, -288.601, 7.699, -146.811
64970.840, -288.601, 7.699, -146.811
64970.860, -288.563, 7.672, -146.823
64970.870, -288.601, 7.699, -146.811
64970.890, -288.601, 7.699, -146.811
64970.900, -288.601, 7.699, -146.811
64970.910, -288.563, 7.672, -146.823
64970.930, -288.601, 7.699, -146.811
64970.940, -288.601, 7.700, -146.811
64970.950, -288.563, 7.672, -146.823
64970.970, -288.601, 7.700, -146.811
64970.980, -288.601, 7.700, -146.811
64971.000, -288.563, 7.672, -146.823
64971.010, -288.601, 7.700, -146.811
64971.020, -288.601, 7.700, -146.811
64971.040, -288.563, 7.672, -146.823
64971.050, -288.601, 7.700, -146.811
64971.070, -288.601, 7.700, -146.811
64971.080, -288.601, 7.700, -146.811
64971.090, -288.563, 7.672, -146.823
64971.110, -288.601, 7.700, -146.811
64971.120, -288.601, 7.700, -146.810
64971.140, -288.563, 7.672, -146.823
64971.150, -288.601, 7.700, -146.810
64971.160, -288.601, 7.700, -146.810
64971.180, -288.563, 7.672, -146.823
64971.190, -288.601, 7.700, -146.810
64971.210, -288.601, 7.700, -146.810
64971.220, -288.601, 7.700, -146.810
64971.230, -288.563, 7.672, -146.823
64971.250, -288.601, 7.700, -146.810
64971.260, -288.601, 7.700, -146.810
64971.270, -288.563, 7.672, -146.823
64971.290, -288.601, 7.700, -146.810
64971.300, -288.601, 7.700, -146.810
64971.320, -288.563, 7.672, -146.823
64971.330, -288.601, 7.700, -146.810
64971.340, -288.601, 7.700, -146.810
64971.360, -288.563, 7.672, -146.823
64971.370, -288.601, 7.700, -146.810
64971.390, -288.601, 7.701, -146.810
64971.400, -288.601, 7.701, -146.810
64971.410, -288.563, 7.672, -146.823
64971.430, -288.601, 7.701, -146.810
64971.440, -288.601, 7.701, -146.810
64971.460, -288.563, 7.672, -146.823
64971.470, -288.601, 7.701, -146.810
64971.480, -288.601, 7.701, -146.810
64971.500, -288.563, 7.672, -146.823
64971.510, -288.601, 7.701, -146.810
64971.520, -288.601, 7.701, -146.810
64971.540, -288.601, 7.701, -146.810
64971.550, -288.563, 7.672, -146.823
64971.570, -288.601, 7.701, -146.810
64971.580, -288.601, 7.701, -146.810
64971.590, -288.563, 7.672, -146.823
64971.610, -288.601, 7.701, -146.809
64971.620, -288.601, 7.701, -146.809
64971.640, -288.563, 7.672, -146.823
64971.650, -288.601, 7.701, -146.809
64971.660, -288.601, 7.701, -146.809
64971.680, -288.563, 7.672, -146.823
64971.690, -288.601, 7.701, -146.809
64971.710, -288.601, 7.701, -146.809
64971.720, -288.601, 7.701, -146.809
64971.730, -288.563, 7.672, -146.823
64971.750, -288.601, 7.701, -146.809
64971.760, -288.601, 7.701, -146.809
64971.770, -288.563, 7.672, -146.823
64971.790, -288.601, 7.701, -146.809
64971.800, -288.600, 7.701, -146.809
64971.820, -288.563, 7.672, -146.823
64971.830, -288.600, 7.701, -146.809
64971.840, -288.600, 7.702, -146.809
64971.860, -288.563, 7.672, -146.823
64971.870, -288.600, 7.702, -146.809
64971.890, -288.600, 7.702, -146.809
64971.900, -288.600, 7.702, -146.809
64971.910, -288.563, 7.672, -146.823
64971.930, -288.600, 7.702, -146.809
64971.940, -288.600, 7.702, -146.809
64971.950, -288.563, 7.672, -146.823
64971.970, -288.600, 7.702, -146.809
64971.980, -288.600, 7.702, -146.809
64972.000, -288.563, 7.672, -146.823
64972.010, -288.600, 7.702, -146.809
64972.030, -288.600, 7.702, -146.809
64972.040, -288.600, 7.702, -146.809
64972.050, -288.563, 7.672, -146.823
64972.070, -288.600, 7.702, -146.809
64972.080, -288.600, 7.702, -146.809
64972.090, -288.563, 7.672, -146.823
64972.110, -288.600, 7.702, -146.808
64972.120, -288.600, 7.702, -146.808
64972.140, -288.563, 7.672, -146.823
64972.150, -288.600, 7.702, -146.808
64972.160, -288.600, 7.702, -146.808
64972.180, -288.563, 7.672, -146.823
64972.190, -288.600, 7.702, -146.808
64972.210, -288.600, 7.702, -146.808
64972.220, -288.600, 7.702, -146.808
64972.230, -288.563, 7.672, -146.823
64972.250, -288.600, 7.702, -146.808
64972.260, -288.600, 7.702, -146.808
64972.270, -288.563, 7.672, -146.823
64972.290, -288.600, 7.703, -146.808
64972.300, -288.600, 7.703, -146.808
64972.320, -288.563, 7.672, -146.823
64972.330, -288.600, 7.703, -146.808
64972.350, -288.600, 7.703, -146.808
64972.360, -288.600, 7.703, -146.808
64972.370, -288.563, 7.672, -146.823
64972.390, -288.600, 7.703, -146.808
64972.400, -288.600, 7.703, -146.808
64972.410, -288.563, 7.672, -146.823
64972.430, -288.600, 7.703, -146.808
64972.440, -288.600, 7.703, -146.808
64972.450, -288.563, 7.672, -146.823
64972.470, -288.600, 7.703, -146.808
64972.480, -288.600, 7.703, -146.808
64972.500, -288.563, 7.672, -146.823
64972.510, -288.600, 7.703, -146.808
64972.520, -288.600, 7.703, -146.808
64972.540, -288.563, 7.672, -146.823
64972.550, -288.600, 7.703, -146.808
64972.570, -288.600, 7.703, -146.808
64972.580, -288.600, 7.703, -146.808
64972.590, -288.563, 7.672, -146.823
64972.610, -288.600, 7.703, -146.808
64972.620, -288.600, 7.703, -146.807
64972.640, -288.563, 7.672, -146.823
64972.650, -288.600, 7.703, -146.807
64972.660, -288.600, 7.703, -146.807
64972.680, -288.563, 7.672, -146.823
64972.690, -288.600, 7.703, -146.807
64972.710, -288.600, 7.703, -146.807
64972.720, -288.600, 7.703, -146.807
64972.730, -288.563, 7.672, -146.823
64972.750, -288.600, 7.703, -146.807
64972.760, -288.600, 7.704, -146.807
64972.770, -288.563, 7.672, -146.823
64972.790, -288.600, 7.704, -146.807
64972.800, -288.600, 7.704, -146.807
64972.820, -288.563, 7.672, -146.823
64972.830, -288.600, 7.704, -146.807
64972.840, -288.600, 7.704, -146.807
64972.860, -288.563, 7.672, -146.823
64972.870, -288.600, 7.704, -146.807
64972.890, -288.600, 7.704, -146.807
64972.900, -288.600, 7.704, -146.807
64972.910, -288.563, 7.672, -146.823
64972.930, -288.600, 7.704, -146.807
64972.940, -288.600, 7.704, -146.807
64972.950, -288.563, 7.672, -146.823
64972.970, -288.600, 7.704, -146.807
64972.980, -288.600, 7.704, -146.807
64973.000, -288.563, 7.672, -146.823
64973.010, -288.600, 7.704, -146.807
64973.020, -288.600, 7.704, -146.807
64973.040, -288.563, 7.672, -146.823
64973.050, -288.600, 7.704, -146.807
64973.070, -288.600, 7.704, -146.807
64973.080, -288.600, 7.704, -146.807
64973.090, -288.563, 7.672, -146.823
64973.110, -288.600, 7.704, -146.807
64973.120, -288.600, 7.704, -146.807
64973.130, -288.563, 7.672, -146.823
64973.150, -288.600, 7.704, -146.806
64973.160, -288.600, 7.704, -146.806
64973.180, -288.563, 7.672, -146.823
64973.190, -288.600, 7.704, -146.806
64973.210, -288.599, 7.704, -146.806
64973.220, -288.599, 7.705, -146.806
64973.230, -288.563, 7.672, -146.823
64973.250, -288.599, 7.705, -146.806
64973.260, -288.599, 7.705, -146.806
64973.270, -288.563, 7.672, -146.823
64973.290, -288.599, 7.705, -146.806
64973.300, -288.599, 7.705, -146.806
64973.320, -288.563, 7.672, -146.823
64973.330, -288.599, 7.705, -146.806
64973.340, -288.599, 7.705, -146.806
64973.360, -288.563, 7.672, -146.823
64973.370, -288.599, 7.705, -146.806
64973.390, -288.599, 7.705, -146.806
64973.400, -288.599, 7.705, -146.806
64973.410, -288.563, 7.672, -146.823
64973.430, -288.599, 7.705, -146.806
64973.440, -288.599, 7.705, -146.806
64973.460, -288.563, 7.672, -146.823
64973.470, -288.599, 7.705, -146.806
64973.480, -288.599, 7.705, -146.806
64973.500, -288.563, 7.672, -146.823
64973.510, -288.599, 7.705, -146.806
64973.520, -288.599, 7.705, -146.806
64973.540, -288.563, 7.672, -146.823
64973.550, -288.599, 7.705, -146.806
64973.570, -288.599, 7.705, -146.806
64973.580, -288.599, 7.705, -146.806
64973.590, -288.563, 7.672, -146.823
64973.610, -288.599, 7.705, -146.806
64973.620, -288.599, 7.705, -146.806
64973.640, -288.563, 7.672, -146.823
64973.650, -288.599, 7.705, -146.806
64973.660, -288.599, 7.705, -146.806
64973.680, -288.563, 7.672, -146.823
64973.690, -288.599, 7.705, -146.806
64973.710, -288.599, 7.705, -146.805
64973.720, -288.599, 7.706, -146.805
64973.730, -288.563, 7.672, -146.823
64973.750, -288.599, 7.706, -146.805
64973.760, -288.599, 7.706, -146.805
64973.770, -288.563, 7.672, -146.823
64973.790, -288.599, 7.706, -146.805
64973.800, -288.599, 7.706, -146.805
64973.820, -288.563, 7.672, -146.823
64973.830, -288.599, 7.706, -146.805
64973.840, -288.599, 7.706, -146.805
64973.860, -288.563, 7.672, -146.823
64973.870, -288.599, 7.706, -146.805
64973.890, -288.599, 7.706, -146.805
64973.900, -288.599, 7.706, -146.805
64973.910, -288.563, 7.672, -146.823
64973.930, -288.599, 7.706, -146.805
64973.940, -288.599, 7.706, -146.805
64973.950, -288.563, 7.672, -146.823
64973.970, -288.599, 7.706, -146.805
64973.980, -288.599, 7.706, -146.805
64974.000, -288.563, 7.672, -146.823
64974.010, -288.599, 7.706, -146.805
64974.030, -288.599, 7.706, -146.805
64974.040, -288.599, 7.706, -146.805
64974.050, -288.563, 7.672, -146.823
64974.070, -288.599, 7.706, -146.805
64974.080, -288.599, 7.706, -146.805
64974.090, -288.563, 7.672, -146.823
64974.110, -288.599, 7.706, -146.805
64974.120, -288.599, 7.706, -146.805
64974.140, -288.563, 7.672, -146.823
64974.150, -288.599, 7.706, -146.805
64974.160, -288.599, 7.706, -146.805
64974.180, -288.563, 7.672, -146.823
64974.190, -288.599, 7.706, -146.805
64974.210, -288.599, 7.706, -146.805
64974.220, -288.599, 7.707, -146.805
64974.230, -288.563, 7.672, -146.823
64974.250, -288.599, 7.707, -146.804
64974.260, -288.599, 7.707, -146.804
64974.270, -288.563, 7.672, -146.823
64974.290, -288.599, 7.707, -146.804
64974.300, -288.599, 7.707, -146.804
64974.320, -288.563, 7.672, -146.823
64974.330, -288.599, 7.707, -146.804
64974.340, -288.599, 7.707, -146.804
64974.360, -288.563, 7.672, -146.823
64974.370, -288.599, 7.707, -146.804
64974.390, -288.599, 7.707, -146.804
64974.400, -288.599, 7.707, -146.804
64974.410, -288.563, 7.672, -146.823
64974.430, -288.599, 7.707, -146.804
64974.440, -288.599, 7.707, -146.804
64974.460, -288.563, 7.672, -146.823
64974.470, -288.599, 7.707, -146.804
64974.480, -288.599, 7.707, -146.804
64974.500, -288.563, 7.672, -146.823
64974.510, -288.599, 7.707, -146.804
64974.520, -288.599, 7.707, -146.804
64974.540, -288.599, 7.707, -146.804
64974.550, -288.563, 7.672, -146.823
64974.570, -288.599, 7.707, -146.804
64974.580, -288.599, 7.707, -146.804
64974.590, -288.563, 7.672, -146.823
64974.610, -288.599, 7.707, -146.804
64974.630, -288.598, 7.707, -146.804
64974.640, -288.563, 7.672, -146.823
64974.650, -288.598, 7.707, -146.804
64974.660, -288.598, 7.707, -146.804
64974.680, -288.563, 7.672, -146.823
64974.690, -288.598, 7.707, -146.804
64974.710, -288.598, 7.707, -146.804
64974.720, -288.598, 7.708, -146.804
64974.730, -288.563, 7.672, -146.823
64974.750, -288.598, 7.708, -146.804
64974.760, -288.598, 7.708, -146.804
64974.770, -288.563, 7.672, -146.823
64974.790, -288.598, 7.708, -146.804
64974.800, -288.598, 7.708, -146.804
64974.820, -288.563, 7.672, -146.823
64974.830, -288.598, 7.708, -146.803
64974.840, -288.598, 7.708, -146.803
64974.860, -288.598, 7.708, -146.803
64974.880, -288.563, 7.672, -146.823
64974.890, -288.598, 7.708, -146.803
64974.900, -288.598, 7.708, -146.803
64974.910, -288.563, 7.672, -146.823
64974.930, -288.598, 7.708, -146.803
64974.950, -288.598, 7.708, -146.803
64974.960, -288.563, 7.672, -146.823
64974.970, -288.598, 7.708, -146.803
64974.980, -288.598, 7.708, -146.803
64975.000, -288.563, 7.672, -146.823
64975.010, -288.598, 7.708, -146.803
64975.020, -288.598, 7.708, -146.803
64975.040, -288.598, 7.708, -146.803
64975.050, -288.563, 7.672, -146.823
64975.070, -288.598, 7.708, -146.803
64975.080, -288.598, 7.708, -146.803
64975.090, -288.563, 7.672, -146.823
64975.110, -288.598, 7.708, -146.803
64975.120, -288.598, 7.708, -146.803
64975.140, -288.563, 7.672, -146.823
64975.150, -288.598, 7.708, -146.803
64975.160, -288.598, 7.708, -146.803
64975.180, -288.563, 7.672, -146.823
64975.190, -288.598, 7.708, -146.803
64975.210, -288.598, 7.708, -146.803
64975.220, -288.598, 7.708, -146.803
64975.230, -288.563, 7.672, -146.823
64975.250, -288.598, 7.708, -146.803
64975.260, -288.598, 7.709, -146.803
64975.270, -288.563, 7.672, -146.823
64975.290, -288.598, 7.709, -146.803
64975.300, -288.598, 7.709, -146.803
64975.320, -288.563, 7.672, -146.823
64975.330, -288.598, 7.709, -146.803
64975.340, -288.598, 7.709, -146.803
64975.360, -288.563, 7.672, -146.823
64975.370, -288.598, 7.709, -146.803
64975.390, -288.598, 7.709, -146.803
64975.400, -288.598, 7.709, -146.803
64975.410, -288.563, 7.672, -146.823
64975.430, -288.598, 7.709, -146.802
64975.440, -288.598, 7.709, -146.802
64975.450, -288.563, 7.672, -146.823
64975.470, -288.598, 7.709, -146.802
64975.480, -288.598, 7.709, -146.802
64975.500, -288.563, 7.672, -146.823
64975.510, -288.598, 7.709, -146.802
64975.520, -288.598, 7.709, -146.802
64975.540, -288.598, 7.709, -146.802
64975.550, -288.563, 7.672, -146.823
64975.570, -288.598, 7.709, -146.802
64975.580, -288.598, 7.709, -146.802
64975.590, -288.563, 7.672, -146.823
64975.610, -288.598, 7.709, -146.802
64975.630, -288.598, 7.709, -146.802
64975.640, -288.563, 7.672, -146.823
64975.650, -288.598, 7.709, -146.802
64975.660, -288.598, 7.709, -146.802
64975.680, -288.563, 7.672, -146.823
64975.690, -288.598, 7.709, -146.802
64975.710, -288.598, 7.709, -146.802
64975.720, -288.598, 7.709, -146.802
64975.730, -288.563, 7.672, -146.823
64975.750, -288.598, 7.709, -146.802
64975.760, -288.598, 7.709, -146.802
64975.770, -288.563, 7.672, -146.823
64975.790, -288.598, 7.709, -146.802
64975.800, -288.598, 7.710, -146.802
64975.820, -288.563, 7.672, -146.823
64975.830, -288.598, 7.710, -146.802
64975.840, -288.598, 7.710, -146.802
64975.860, -288.563, 7.672, -146.823
64975.870, -288.598, 7.710, -146.802
64975.890, -288.598, 7.710, -146.802
64975.900, -288.598, 7.710, -146.802
64975.910, -288.563, 7.672, -146.823
64975.930, -288.598, 7.710, -146.802
64975.940, -288.598, 7.710, -146.802
64975.960, -288.563, 7.672, -146.823
64975.970, -288.598, 7.710, -146.802
64975.980, -288.598, 7.710, -146.802
64976.000, -288.563, 7.672, -146.823
64976.010, -288.598, 7.710, -146.802
64976.030, -288.598, 7.710, -146.802
64976.040, -288.598, 7.710, -146.801
64976.050, -288.563, 7.672, -146.823
64976.070, -288.598, 7.710, -146.801
64976.080, -288.598, 7.710, -146.801
64976.090, -288.563, 7.672, -146.823
64976.110, -288.598, 7.710, -146.801
64976.120, -288.598, 7.710, -146.801
64976.140, -288.563, 7.672, -146.823
64976.150, -288.598, 7.710, -146.801
64976.160, -288.598, 7.710, -146.801
64976.180, -288.563, 7.672, -146.823
64976.190, -288.598, 7.710, -146.801
64976.210, -288.598, 7.710, -146.801
64976.220, -288.597, 7.710, -146.801
64976.230, -288.563, 7.672, -146.823
64976.250, -288.597, 7.710, -146.801
64976.260, -288.597, 7.710, -146.801
64976.270, -288.563, 7.672, -146.823
64976.290, -288.597, 7.710, -146.801
64976.300, -288.597, 7.710, -146.801
64976.320, -288.563, 7.672, -146.823
64976.330, -288.597, 7.710, -146.801
64976.340, -288.597, 7.711, -146.801
64976.360, -288.563, 7.672, -146.823
64976.370, -288.597, 7.711, -146.801
64976.390, -288.597, 7.711, -146.801
64976.400, -288.597, 7.711, -146.801
64976.410, -288.563, 7.672, -146.823
64976.430, -288.597, 7.711, -146.801
64976.440, -288.597, 7.711, -146.801
64976.450, -288.563, 7.672, -146.823
64976.470, -288.597, 7.711, -146.801
64976.480, -288.597, 7.711, -146.801
64976.500, -288.563, 7.672, -146.823
64976.510, -288.597, 7.711, -146.801
64976.530, -288.597, 7.711, -146.801
64976.540, -288.597, 7.711, -146.801
64976.550, -288.563, 7.672, -146.823
64976.570, -288.597, 7.711, -146.801
64976.580, -288.597, 7.711, -146.801
64976.590, -288.563, 7.672, -146.823
64976.610, -288.597, 7.711, -146.801
64976.620, -288.597, 7.711, -146.801
64976.640, -288.563, 7.672, -146.823
64976.650, -288.597, 7.711, -146.801
64976.660, -288.597, 7.711, -146.800
64976.680, -288.563, 7.672, -146.823
64976.690, -288.597, 7.711, -146.800
64976.710, -288.597, 7.711, -146.800
64976.720, -288.597, 7.711, -146.800
64976.730, -288.563, 7.672, -146.823
64976.750, -288.597, 7.711, -146.800
64976.760, -288.597, 7.711, -146.800
64976.770, -288.563, 7.672, -146.823
64976.790, -288.597, 7.711, -146.800
64976.800, -288.597, 7.711, -146.800
64976.820, -288.563, 7.672, -146.823
64976.830, -288.597, 7.711, -146.800
64976.840, -288.597, 7.711, -146.800
64976.860, -288.563, 7.672, -146.823
64976.870, -288.597, 7.711, -146.800
64976.890, -288.597, 7.711, -146.800
64976.900, -288.597, 7.711, -146.800
64976.910, -288.563, 7.672, -146.823
64976.930, -288.597, 7.712, -146.800
64976.940, -288.597, 7.712, -146.800
64976.950, -288.563, 7.672, -146.823
64976.970, -288.597, 7.712, -146.800
64976.980, -288.597, 7.712, -146.800
64977.000, -288.563, 7.672, -146.823
64977.010, -288.597, 7.712, -146.800
64977.020, -288.597, 7.712, -146.800
64977.040, -288.597, 7.712, -146.800
64977.050, -288.563, 7.672, -146.823
64977.070, -288.597, 7.712, -146.800
64977.080, -288.597, 7.712, -146.800
64977.090, -288.563, 7.672, -146.823
64977.110, -288.597, 7.712, -146.800
64977.120, -288.597, 7.712, -146.800
64977.140, -288.563, 7.672, -146.823
64977.150, -288.597, 7.712, -146.800
64977.160, -288.597, 7.712, -146.800
64977.180, -288.563, 7.672, -146.823
64977.190, -288.597, 7.712, -146.800
64977.210, -288.597, 7.712, -146.800
64977.220, -288.597, 7.712, -146.800
64977.230, -288.563, 7.672, -146.823
64977.250, -288.597, 7.712, -146.800
64977.260, -288.597, 7.712, -146.800
64977.270, -288.563, 7.672, -146.823
64977.290, -288.597, 7.712, -146.800
64977.300, -288.597, 7.712, -146.800
64977.320, -288.563, 7.672, -146.823
64977.330, -288.597, 7.712, -146.799
64977.340, -288.597, 7.712, -146.799
64977.360, -288.563, 7.672, -146.823
64977.370, -288.597, 7.712, -146.799
64977.390, -288.597, 7.712, -146.799
64977.400, -288.597, 7.712, -146.799
64977.410, -288.563, 7.672, -146.823
64977.430, -288.597, 7.712, -146.799
64977.450, -288.597, 7.712, -146.799
64977.460, -288.563, 7.672, -146.823
64977.470, -288.597, 7.712, -146.799
64977.480, -288.597, 7.712, -146.799
64977.500, -288.563, 7.672, -146.823
64977.510, -288.597, 7.713, -146.799
64977.530, -288.597, 7.713, -146.799
64977.540, -288.597, 7.713, -146.799
64977.550, -288.563, 7.672, -146.823
64977.570, -288.597, 7.713, -146.799
64977.580, -288.597, 7.713, -146.799
64977.590, -288.563, 7.672, -146.823
64977.610, -288.597, 7.713, -146.799
64977.620, -288.597, 7.713, -146.799
64977.640, -288.563, 7.672, -146.823
64977.650, -288.597, 7.713, -146.799
64977.660, -288.597, 7.713, -146.799
64977.680, -288.563, 7.672, -146.823
64977.690, -288.597, 7.713, -146.799
64977.710, -288.597, 7.713, -146.799
64977.720, -288.597, 7.713, -146.799
64977.730, -288.563, 7.672, -146.823
64977.750, -288.597, 7.713, -146.799
64977.760, -288.597, 7.713, -146.799
64977.770, -288.563, 7.672, -146.823
64977.790, -288.597, 7.713, -146.799
64977.800, -288.597, 7.713, -146.799
64977.820, -288.563, 7.672, -146.823
64977.830, -288.597, 7.713, -146.799
64977.840, -288.597, 7.713, -146.799
64977.860, -288.563, 7.672, -146.823
64977.870, -288.597, 7.713, -146.799
64977.890, -288.597, 7.713, -146.799
64977.900, -288.597, 7.713, -146.799
64977.910, -288.563, 7.672, -146.823
64977.930, -288.597, 7.713, -146.799
64977.940, -288.596, 7.713, -146.799
64977.950, -288.563, 7.672, -146.823
64977.970, -288.596, 7.713, -146.799
64977.980, -288.596, 7.713, -146.798
64978.000, -288.563, 7.672, -146.823
64978.010, -288.596, 7.713, -146.798
64978.030, -288.596, 7.713, -146.798
64978.040, -288.563, 7.672, -146.823
64978.050, -288.596, 7.713, -146.798
64978.070, -288.596, 7.713, -146.798
64978.080, -288.596, 7.713, -146.798
64978.090, -288.563, 7.672, -146.823
64978.110, -288.596, 7.714, -146.798
64978.120, -288.596, 7.714, -146.798
64978.140, -288.563, 7.672, -146.823
64978.150, -288.596, 7.714, -146.798
64978.160, -288.596, 7.714, -146.798
64978.180, -288.563, 7.672, -146.823
64978.190, -288.596, 7.714, -146.798
64978.210, -288.596, 7.714, -146.798
64978.220, -288.596, 7.714, -146.798
64978.230, -288.563, 7.672, -146.823
64978.250, -288.596, 7.714, -146.798
64978.260, -288.596, 7.714, -146.798
64978.270, -288.563, 7.672, -146.823
64978.290, -288.596, 7.714, -146.798
64978.300, -288.596, 7.714, -146.798
64978.320, -288.563, 7.672, -146.823
64978.330, -288.596, 7.714, -146.798
64978.340, -288.596, 7.714, -146.798
64978.360, -288.563, 7.672, -146.823
64978.370, -288.596, 7.714, -146.798
64978.390, -288.596, 7.714, -146.798
64978.400, -288.596, 7.714, -146.798
64978.410, -288.563, 7.672, -146.823
64978.430, -288.596, 7.714, -146.798
64978.440, -288.596, 7.714, -146.798
64978.460, -288.563, 7.672, -146.823
64978.470, -288.596, 7.714, -146.798
64978.480, -288.596, 7.714, -146.798
64978.500, -288.563, 7.672, -146.823
64978.510, -288.596, 7.714, -146.798
64978.520, -288.596, 7.714, -146.798
64978.540, -288.596, 7.714, -146.798
64978.550, -288.563, 7.672, -146.823
64978.570, -288.596, 7.714, -146.798
64978.580, -288.596, 7.714, -146.798
64978.590, -288.563, 7.672, -146.823
64978.610, -288.596, 7.714, -146.798
64978.620, -288.596, 7.714, -146.798
64978.640, -288.563, 7.672, -146.823
64978.650, -288.596, 7.714, -146.798
64978.660, -288.596, 7.714, -146.798
64978.680, -288.563, 7.672, -146.823
64978.690, -288.596, 7.714, -146.798
64978.710, -288.596, 7.714, -146.797
64978.720, -288.596, 7.715, -146.797
64978.730, -288.563, 7.672, -146.823
64978.750, -288.596, 7.715, -146.797
64978.760, -288.596, 7.715, -146.797
64978.770, -288.563, 7.672, -146.823
64978.790, -288.596, 7.715, -146.797
64978.800, -288.596, 7.715, -146.797
64978.820, -288.563, 7.672, -146.823
64978.830, -288.596, 7.715, -146.797
64978.840, -288.596, 7.715, -146.797
64978.860, -288.563, 7.672, -146.823
64978.870, -288.596, 7.715, -146.797
64978.890, -288.596, 7.715, -146.797
64978.900, -288.596, 7.715, -146.797
64978.910, -288.563, 7.672, -146.823
64978.930, -288.596, 7.715, -146.797
64978.940, -288.596, 7.715, -146.797
64978.950, -288.563, 7.672, -146.823
64978.970, -288.596, 7.715, -146.797
64978.980, -288.596, 7.715, -146.797
64979.000, -288.563, 7.672, -146.823
64979.010, -288.596, 7.715, -146.797
64979.030, -288.596, 7.715, -146.797
64979.040, -288.596, 7.715, -146.797
64979.050, -288.563, 7.672, -146.823
64979.070, -288.596, 7.715, -146.797
64979.080, -288.596, 7.715, -146.797
64979.090, -288.563, 7.672, -146.823
64979.110, -288.596, 7.715, -146.797
64979.120, -288.596, 7.715, -146.797
64979.130, -288.563, 7.672, -146.823
64979.150, -288.596, 7.715, -146.797
64979.160, -288.596, 7.715, -146.797
64979.180, -288.563, 7.672, -146.823
64979.190, -288.596, 7.715, -146.797
64979.200, -288.596, 7.715, -146.797
64979.220, -288.596, 7.715, -146.797
64979.230, -288.563, 7.672, -146.823
64979.250, -288.596, 7.715, -146.797
64979.260, -288.596, 7.715, -146.797
64979.270, -288.563, 7.672, -146.823
64979.290, -288.596, 7.715, -146.797
64979.300, -288.596, 7.715, -146.797
64979.320, -288.563, 7.672, -146.823
64979.330, -288.596, 7.715, -146.797
64979.340, -288.596, 7.715, -146.797
64979.360, -288.563, 7.672, -146.823
64979.370, -288.596, 7.716, -146.797
64979.390, -288.596, 7.716, -146.797
64979.400, -288.596, 7.716, -146.797
64979.410, -288.563, 7.672, -146.823
64979.430, -288.596, 7.716, -146.796
64979.440, -288.596, 7.716, -146.796
64979.450, -288.563, 7.672, -146.823
64979.470, -288.596, 7.716, -146.796
64979.480, -288.596, 7.716, -146.796
64979.500, -288.563, 7.672, -146.823
64979.510, -288.596, 7.716, -146.796
64979.520, -288.596, 7.716, -146.796
64979.540, -288.596, 7.716, -146.796
64979.550, -288.563, 7.672, -146.823
64979.570, -288.596, 7.716, -146.796
64979.580, -288.596, 7.716, -146.796
64979.590, -288.563, 7.672, -146.823
64979.610, -288.596, 7.716, -146.796
64979.630, -288.596, 7.716, -146.796
64979.640, -288.563, 7.672, -146.823
64979.650, -288.596, 7.716, -146.796
64979.660, -288.596, 7.716, -146.796
64979.680, -288.563, 7.672, -146.823
64979.690, -288.596, 7.716, -146.796
64979.710, -288.596, 7.716, -146.796
64979.720, -288.596, 7.716, -146.796
64979.730, -288.563, 7.672, -146.823
64979.750, -288.596, 7.716, -146.796
64979.760, -288.596, 7.716, -146.796
64979.770, -288.563, 7.672, -146.823
64979.790, -288.596, 7.716, -146.796
64979.800, -288.596, 7.716, -146.796
64979.820, -288.563, 7.672, -146.823
64979.830, -288.595, 7.716, -146.796
64979.840, -288.595, 7.716, -146.796
64979.860, -288.563, 7.672, -146.823
64979.870, -288.595, 7.716, -146.796
64979.890, -288.595, 7.716, -146.796
64979.900, -288.595, 7.716, -146.796
64979.910, -288.563, 7.672, -146.823
64979.930, -288.595, 7.716, -146.796
64979.940, -288.595, 7.716, -146.796
64979.960, -288.563, 7.672, -146.823
64979.970, -288.595, 7.716, -146.796
64979.980, -288.595, 7.716, -146.796
64980.000, -288.563, 7.672, -146.823
64980.010, -288.595, 7.716, -146.796
64980.020, -288.595, 7.716, -146.796
64980.040, -288.595, 7.717, -146.796
64980.050, -288.563, 7.672, -146.823
64980.070, -288.595, 7.717, -146.796
64980.080, -288.595, 7.717, -146.796
64980.090, -288.563, 7.672, -146.823
64980.110, -288.595, 7.717, -146.796
64980.120, -288.595, 7.717, -146.796
64980.140, -288.563, 7.672, -146.823
64980.150, -288.595, 7.717, -146.796
64980.160, -288.595, 7.717, -146.796
64980.180, -288.563, 7.672, -146.823
64980.190, -288.595, 7.717, -146.795
64980.210, -288.595, 7.717, -146.795
64980.220, -288.595, 7.717, -146.795
64980.230, -288.563, 7.672, -146.823
64980.250, -288.595, 7.717, -146.795
64980.260, -288.595, 7.717, -146.795
64980.270, -288.563, 7.672, -146.823
64980.290, -288.595, 7.717, -146.795
64980.300, -288.595, 7.717, -146.795
64980.320, -288.563, 7.672, -146.823
64980.330, -288.595, 7.717, -146.795
64980.340, -288.595, 7.717, -146.795
64980.360, -288.595, 7.717, -146.795
64980.370, -288.563, 7.672, -146.823
64980.390, -288.595, 7.717, -146.795
64980.400, -288.595, 7.717, -146.795
64980.410, -288.563, 7.672, -146.823
64980.430, -288.595, 7.717, -146.795
64980.440, -288.595, 7.717, -146.795
64980.460, -288.563, 7.672, -146.823
64980.470, -288.595, 7.717, -146.795
64980.480, -288.595, 7.717, -146.795
64980.500, -288.563, 7.672, -146.823
64980.510, -288.595, 7.717, -146.795
64980.520, -288.595, 7.717, -146.795
64980.540, -288.595, 7.717, -146.795
64980.550, -288.563, 7.672, -146.823
64980.570, -288.595, 7.717, -146.795
64980.580, -288.595, 7.717, -146.795
64980.590, -288.563, 7.672, -146.823
64980.610, -288.595, 7.717, -146.795
64980.620, -288.595, 7.717, -146.795
64980.640, -288.563, 7.672, -146.823
64980.650, -288.595, 7.717, -146.795
64980.660, -288.595, 7.717, -146.795
64980.680, -288.563, 7.672, -146.823
64980.690, -288.595, 7.717, -146.795
64980.710, -288.595, 7.717, -146.795
64980.720, -288.595, 7.718, -146.795
64980.730, -288.563, 7.672, -146.823
64980.750, -288.595, 7.718, -146.795
64980.760, -288.595, 7.718, -146.795
64980.770, -288.563, 7.672, -146.823
64980.790, -288.595, 7.718, -146.795
64980.810, -288.595, 7.718, -146.795
64980.820, -288.595, 7.718, -146.795
64980.830, -288.563, 7.672, -146.823
64980.850, -288.595, 7.718, -146.795
64980.860, -288.595, 7.718, -146.795
64980.880, -288.563, 7.672, -146.823
64980.890, -288.595, 7.718, -146.795
64980.900, -288.595, 7.718, -146.795
64980.910, -288.563, 7.672, -146.823
64980.930, -288.595, 7.718, -146.795
64980.940, -288.595, 7.718, -146.795
64980.960, -288.563, 7.672, -146.823
64980.970, -288.595, 7.718, -146.794
64980.980, -288.595, 7.718, -146.794
64981.000, -288.563, 7.672, -146.823
64981.010, -288.595, 7.718, -146.794
64981.030, -288.595, 7.718, -146.794
64981.040, -288.595, 7.718, -146.794
64981.050, -288.563, 7.672, -146.823
64981.070, -288.595, 7.718, -146.794
64981.080, -288.595, 7.718, -146.794
64981.090, -288.563, 7.672, -146.823
64981.110, -288.595, 7.718, -146.794
64981.130, -288.595, 7.718, -146.794
64981.140, -288.563, 7.672, -146.823
64981.150, -288.595, 7.718, -146.794
64981.160, -288.595, 7.718, -146.794
64981.180, -288.563, 7.672, -146.823
64981.190, -288.595, 7.718, -146.794
64981.210, -288.595, 7.718, -146.794
64981.220, -288.595, 7.718, -146.794
64981.230, -288.563, 7.672, -146.823
64981.250, -288.595, 7.718, -146.794
64981.260, -288.595, 7.718, -146.794
64981.270, -288.563, 7.672, -146.823
64981.290, -288.595, 7.718, -146.794
64981.300, -288.595, 7.718, -146.794
64981.320, -288.563, 7.672, -146.823
64981.330, -288.595, 7.718, -146.794
64981.340, -288.595, 7.718, -146.794
64981.360, -288.595, 7.718, -146.794
64981.370, -288.563, 7.672, -146.823
64981.390, -288.595, 7.718, -146.794
64981.400, -288.595, 7.718, -146.794
64981.410, -288.563, 7.672, -146.823
64981.430, -288.595, 7.719, -146.794
64981.440, -288.595, 7.719, -146.794
64981.450, -288.563, 7.672, -146.823
64981.470, -288.595, 7.719, -146.794
64981.480, -288.595, 7.719, -146.794
64981.500, -288.563, 7.672, -146.823
64981.510, -288.595, 7.719, -146.794
64981.530, -288.595, 7.719, -146.794
64981.540, -288.595, 7.719, -146.794
64981.550, -288.563, 7.672, -146.823
64981.570, -288.595, 7.719, -146.794
64981.580, -288.595, 7.719, -146.794
64981.590, -288.563, 7.672, -146.823
64981.610, -288.595, 7.719, -146.794
64981.620, -288.595, 7.719, -146.794
64981.640, -288.563, 7.672, -146.823
64981.650, -288.595, 7.719, -146.794
64981.660, -288.595, 7.719, -146.794
64981.680, -288.563, 7.672, -146.823
64981.690, -288.595, 7.719, -146.794
64981.710, -288.595, 7.719, -146.794
64981.720, -288.595, 7.719, -146.794
64981.730, -288.563, 7.672, -146.823
64981.750, -288.595, 7.719, -146.794
64981.760, -288.595, 7.719, -146.794
64981.770, -288.563, 7.672, -146.823
64981.790, -288.595, 7.719, -146.793
64981.800, -288.595, 7.719, -146.793
64981.820, -288.563, 7.672, -146.823
64981.830, -288.595, 7.719, -146.793
64981.850, -288.595, 7.719, -146.793
64981.860, -288.595, 7.719, -146.793
64981.870, -288.563, 7.672, -146.823
64981.890, -288.595, 7.719, -146.793
64981.900, -288.594, 7.719, -146.793
64981.910, -288.563, 7.672, -146.823
64981.930, -288.594, 7.719, -146.793
64981.940, -288.594, 7.719, -146.793
64981.960, -288.563, 7.672, -146.823
64981.970, -288.594, 7.719, -146.793
64981.980, -288.594, 7.719, -146.793
64982.000, -288.563, 7.672, -146.823
64982.010, -288.594, 7.719, -146.793
64982.020, -288.594, 7.719, -146.793
64982.040, -288.594, 7.719, -146.793
64982.050, -288.563, 7.672, -146.823
64982.070, -288.594, 7.719, -146.793
64982.080, -288.594, 7.719, -146.793
64982.090, -288.563, 7.672, -146.823
64982.110, -288.594, 7.719, -146.793
64982.120, -288.594, 7.719, -146.793
64982.140, -288.563, 7.672, -146.823
64982.150, -288.594, 7.719, -146.793
64982.160, -288.594, 7.720, -146.793
64982.180, -288.563, 7.672, -146.823
64982.190, -288.594, 7.720, -146.793
64982.210, -288.594, 7.720, -146.793
64982.220, -288.594, 7.720, -146.793
64982.230, -288.563, 7.672, -146.823
64982.250, -288.594, 7.720, -146.793
64982.260, -288.594, 7.720, -146.793
64982.270, -288.563, 7.672, -146.823
64982.290, -288.594, 7.720, -146.793
64982.300, -288.594, 7.720, -146.793
64982.320, -288.563, 7.672, -146.823
64982.330, -288.594, 7.720, -146.793
64982.340, -288.594, 7.720, -146.793
64982.360, -288.594, 7.720, -146.793
64982.370, -288.563, 7.672, -146.823
64982.390, -288.594, 7.720, -146.793
64982.400, -288.594, 7.720, -146.793
64982.410, -288.563, 7.672, -146.823
64982.430, -288.594, 7.720, -146.793
64982.450, -288.594, 7.720, -146.793
64982.460, -288.563, 7.672, -146.823
64982.470, -288.594, 7.720, -146.793
64982.480, -288.594, 7.720, -146.793
64982.500, -288.563, 7.672, -146.823
64982.520, -288.594, 7.720, -146.793
64982.530, -288.594, 7.720, -146.793
64982.540, -288.594, 7.720, -146.793
64982.550, -288.563, 7.672, -146.823
64982.570, -288.594, 7.720, -146.793
64982.580, -288.594, 7.720, -146.793
64982.600, -288.563, 7.672, -146.823
64982.610, -288.594, 7.720, -146.793
64982.630, -288.594, 7.720, -146.792
64982.640, -288.563, 7.672, -146.823
64982.650, -288.594, 7.720, -146.792
64982.660, -288.594, 7.720, -146.792
64982.680, -288.594, 7.720, -146.792
64982.690, -288.563, 7.672, -146.823
64982.710, -288.594, 7.720, -146.792
64982.720, -288.594, 7.720, -146.792
64982.730, -288.563, 7.672, -146.823
64982.750, -288.594, 7.720, -146.792
64982.760, -288.594, 7.720, -146.792
64982.780, -288.563, 7.672, -146.823
64982.790, -288.594, 7.720, -146.792
64982.800, -288.594, 7.720, -146.792
64982.820, -288.563, 7.672, -146.823
64982.830, -288.594, 7.720, -146.792
64982.850, -288.594, 7.720, -146.792
64982.860, -288.594, 7.720, -146.792
64982.870, -288.563, 7.672, -146.823
64982.890, -288.594, 7.720, -146.792
64982.900, -288.594, 7.720, -146.792
64982.910, -288.563, 7.672, -146.823
64982.930, -288.594, 7.721, -146.792
64982.940, -288.594, 7.721, -146.792
64982.960, -288.563, 7.672, -146.823
64982.970, -288.594, 7.721, -146.792
64982.980, -288.594, 7.721, -146.792
64983.000, -288.563, 7.672, -146.823
64983.010, -288.594, 7.721, -146.792
64983.030, -288.594, 7.721, -146.792
64983.040, -288.594, 7.721, -146.792
64983.050, -288.563, 7.672, -146.823
64983.070, -288.594, 7.721, -146.792
64983.080, -288.594, 7.721, -146.792
64983.090, -288.563, 7.672, -146.823
64983.110, -288.594, 7.721, -146.792
64983.120, -288.594, 7.721, -146.792
64983.140, -288.563, 7.672, -146.823
64983.150, -288.594, 7.721, -146.792
64983.160, -288.594, 7.721, -146.792
64983.180, -288.594, 7.721, -146.792
64983.190, -288.563, 7.672, -146.823
64983.210, -288.594, 7.721, -146.792
64983.220, -288.594, 7.721, -146.792
64983.230, -288.563, 7.672, -146.823
64983.250, -288.594, 7.721, -146.792
64983.260, -288.594, 7.721, -146.792
64983.270, -288.563, 7.672, -146.823
64983.290, -288.594, 7.721, -146.792
64983.300, -288.594, 7.721, -146.792
64983.320, -288.563, 7.672, -146.823
64983.330, -288.594, 7.721, -146.792
64983.340, -288.594, 7.721, -146.792
64983.360, -288.594, 7.721, -146.792
64983.370, -288.563, 7.672, -146.823
64983.390, -288.594, 7.721, -146.792
64983.400, -288.594, 7.721, -146.792
64983.410, -288.563, 7.672, -146.823
64983.430, -288.594, 7.721, -146.792
64983.450, -288.594, 7.721, -146.792
64983.460, -288.563, 7.672, -146.823
64983.470, -288.594, 7.721, -146.792
64983.480, -288.594, 7.721, -146.792
64983.500, -288.563, 7.672, -146.823
64983.510, -288.594, 7.721, -146.792
64983.530, -288.594, 7.721, -146.791
64983.540, -288.594, 7.721, -146.791
64983.550, -288.563, 7.672, -146.823
64983.570, -288.594, 7.721, -146.791
64983.580, -288.594, 7.721, -146.791
64983.590, -288.563, 7.672, -146.823
64983.610, -288.594, 7.721, -146.791
64983.630, -288.594, 7.721, -146.791
64983.640, -288.563, 7.672, -146.823
64983.650, -288.594, 7.721, -146.791
64983.660, -288.594, 7.721, -146.791
64983.680, -288.563, 7.672, -146.823
64983.690, -288.594, 7.721, -146.791
64983.710, -288.594, 7.721, -146.791
64983.720, -288.594, 7.722, -146.791
64983.730, -288.563, 7.672, -146.823
64983.750, -288.594, 7.722, -146.791
64983.760, -288.594, 7.722, -146.791
64983.770, -288.563, 7.672, -146.823
64983.790, -288.594, 7.722, -146.791
64983.800, -288.594, 7.722, -146.791
64983.820, -288.563, 7.672, -146.823
64983.830, -288.594, 7.722, -146.791
64983.840, -288.594, 7.722, -146.791
64983.860, -288.594, 7.722, -146.791
64983.870, -288.563, 7.672, -146.823
64983.890, -288.594, 7.722, -146.791
64983.900, -288.594, 7.722, -146.791
64983.910, -288.563, 7.672, -146.823
64983.930, -288.594, 7.722, -146.791
64983.940, -288.594, 7.722, -146.791
64983.960, -288.563, 7.672, -146.823
64983.970, -288.594, 7.722, -146.791
64983.980, -288.594, 7.722, -146.791
64984.000, -288.563, 7.672, -146.823
64984.010, -288.594, 7.722, -146.791
64984.030, -288.594, 7.722, -146.791
64984.040, -288.594, 7.722, -146.791
64984.050, -288.563, 7.672, -146.823
64984.070, -288.594, 7.722, -146.791
64984.080, -288.594, 7.722, -146.791
64984.090, -288.563, 7.672, -146.823
64984.110, -288.594, 7.722, -146.791
64984.130, -288.593, 7.722, -146.791
64984.140, -288.563, 7.672, -146.823
64984.150, -288.593, 7.722, -146.791
64984.160, -288.593, 7.722, -146.791
64984.180, -288.563, 7.672, -146.823
64984.190, -288.593, 7.722, -146.791
64984.210, -288.593, 7.722, -146.791
64984.220, -288.593, 7.722, -146.791
64984.230, -288.563, 7.672, -146.823
64984.250, -288.593, 7.722, -146.791
64984.260, -288.593, 7.722, -146.791
64984.270, -288.563, 7.672, -146.823
64984.290, -288.593, 7.722, -146.791
64984.300, -288.593, 7.722, -146.791
64984.320, -288.563, 7.672, -146.823
64984.330, -288.593, 7.722, -146.791
64984.340, -288.593, 7.722, -146.791
64984.360, -288.563, 7.672, -146.823
64984.370, -288.593, 7.722, -146.791
64984.390, -288.593, 7.722, -146.791
64984.400, -288.593, 7.722, -146.791
64984.410, -288.563, 7.672, -146.823
64984.430, -288.593, 7.722, -146.791
64984.440, -288.593, 7.722, -146.791
64984.450, -288.563, 7.672, -146.823
64984.470, -288.593, 7.722, -146.790
64984.480, -288.593, 7.722, -146.790
64984.500, -288.563, 7.672, -146.823
64984.510, -288.593, 7.722, -146.790
64984.530, -288.593, 7.722, -146.790
64984.540, -288.593, 7.723, -146.790
64984.550, -288.563, 7.672, -146.823
64984.570, -288.593, 7.723, -146.790
64984.580, -288.593, 7.723, -146.790
64984.590, -288.563, 7.672, -146.823
64984.610, -288.593, 7.723, -146.790
64984.620, -288.593, 7.723, -146.790
64984.640, -288.563, 7.672, -146.823
64984.650, -288.593, 7.723, -146.790
64984.660, -288.593, 7.723, -146.790
64984.680, -288.563, 7.672, -146.823
64984.690, -288.593, 7.723, -146.790
64984.710, -288.593, 7.723, -146.790
64984.720, -288.593, 7.723, -146.790
64984.730, -288.563, 7.672, -146.823
64984.750, -288.593, 7.723, -146.790
64984.760, -288.593, 7.723, -146.790
64984.770, -288.563, 7.672, -146.823
64984.790, -288.593, 7.723, -146.790
64984.800, -288.593, 7.723, -146.790
64984.820, -288.563, 7.672, -146.823
64984.830, -288.593, 7.723, -146.790
64984.850, -288.593, 7.723, -146.790
64984.860, -288.563, 7.672, -146.823
64984.870, -288.593, 7.723, -146.790
64984.890, -288.593, 7.723, -146.790
64984.900, -288.593, 7.723, -146.790
64984.910, -288.563, 7.672, -146.823
64984.930, -288.593, 7.723, -146.790
64984.940, -288.593, 7.723, -146.790
64984.960, -288.563, 7.672, -146.823
64984.970, -288.593, 7.723, -146.790
64984.980, -288.593, 7.723, -146.790
64985.000, -288.563, 7.672, -146.823
64985.010, -288.593, 7.723, -146.790
64985.030, -288.593, 7.723, -146.790
64985.040, -288.593, 7.723, -146.790
64985.050, -288.563, 7.672, -146.823
64985.070, -288.593, 7.723, -146.790
64985.080, -288.593, 7.723, -146.790
64985.090, -288.563, 7.672, -146.823
64985.110, -288.593, 7.723, -146.790
64985.130, -288.593, 7.723, -146.790
64985.140, -288.563, 7.672, -146.823
64985.150, -288.593, 7.723, -146.790
64985.160, -288.593, 7.723, -146.790
64985.180, -288.593, 7.723, -146.790
64985.190, -288.563, 7.672, -146.823
64985.210, -288.593, 7.723, -146.790
64985.220, -288.593, 7.723, -146.790
64985.230, -288.563, 7.672, -146.823
64985.250, -288.593, 7.723, -146.790
64985.260, -288.593, 7.723, -146.790
64985.270, -288.563, 7.672, -146.823
64985.290, -288.593, 7.723, -146.790
64985.300, -288.593, 7.723, -146.790
64985.320, -288.563, 7.672, -146.823
64985.330, -288.593, 7.723, -146.790
64985.350, -288.593, 7.723, -146.790
64985.360, -288.593, 7.723, -146.790
64985.370, -288.563, 7.672, -146.823
64985.390, -288.593, 7.723, -146.790
64985.400, -288.593, 7.724, -146.790
64985.410, -288.563, 7.672, -146.823
64985.430, -288.593, 7.724, -146.790
64985.440, -288.593, 7.724, -146.789
64985.460, -288.563, 7.672, -146.823
64985.470, -288.593, 7.724, -146.789
64985.480, -288.593, 7.724, -146.789
64985.500, -288.563, 7.672, -146.823
64985.510, -288.593, 7.724, -146.789
64985.530, -288.593, 7.724, -146.789
64985.540, -288.593, 7.724, -146.789
64985.550, -288.563, 7.672, -146.823
64985.570, -288.593, 7.724, -146.789
64985.580, -288.593, 7.724, -146.789
64985.590, -288.563, 7.672, -146.823
64985.610, -288.593, 7.724, -146.789
64985.620, -288.593, 7.724, -146.789
64985.640, -288.563, 7.672, -146.823
64985.650, -288.593, 7.724, -146.789
64985.660, -288.593, 7.724, -146.789
64985.680, -288.563, 7.672, -146.823
64985.690, -288.593, 7.724, -146.789
64985.710, -288.593, 7.724, -146.789
64985.720, -288.593, 7.724, -146.789
64985.730, -288.563, 7.672, -146.823
64985.750, -288.593, 7.724, -146.789
64985.760, -288.593, 7.724, -146.789
64985.770, -288.563, 7.672, -146.823
64985.790, -288.593, 7.724, -146.789
64985.800, -288.593, 7.724, -146.789
64985.820, -288.563, 7.672, -146.823
64985.830, -288.593, 7.724, -146.789
64985.840, -288.593, 7.724, -146.789
64985.860, -288.563, 7.672, -146.823
64985.870, -288.593, 7.724, -146.789
64985.890, -288.593, 7.724, -146.789
64985.900, -288.593, 7.724, -146.789
64985.910, -288.563, 7.672, -146.823
64985.930, -288.593, 7.724, -146.789
64985.950, -288.593, 7.724, -146.789
64985.960, -288.593, 7.724, -146.789
64985.970, -288.563, 7.672, -146.823
64985.980, -288.593, 7.724, -146.789
64986.000, -288.563, 7.672, -146.823
64986.010, -288.593, 7.724, -146.789
64986.030, -288.593, 7.724, -146.789
64986.040, -288.593, 7.724, -146.789
64986.050, -288.563, 7.672, -146.823
64986.070, -288.593, 7.724, -146.789
64986.080, -288.593, 7.724, -146.789
64986.090, -288.563, 7.672, -146.823
64986.110, -288.593, 7.724, -146.789
64986.120, -288.593, 7.724, -146.789
64986.140, -288.563, 7.672, -146.823
64986.150, -288.593, 7.724, -146.789
64986.160, -288.593, 7.724, -146.789
64986.180, -288.563, 7.672, -146.823
64986.190, -288.593, 7.724, -146.789
64986.210, -288.593, 7.724, -146.789
64986.220, -288.593, 7.724, -146.789
64986.230, -288.563, 7.672, -146.823
64986.250, -288.593, 7.724, -146.789
64986.260, -288.593, 7.724, -146.789
64986.270, -288.563, 7.672, -146.823
64986.290, -288.593, 7.724, -146.789
64986.300, -288.593, 7.725, -146.789
64986.320, -288.563, 7.672, -146.823
64986.330, -288.593, 7.725, -146.789
64986.340, -288.593, 7.725, -146.789
64986.360, -288.593, 7.725, -146.789
64986.370, -288.563, 7.672, -146.823
64986.390, -288.593, 7.725, -146.789
64986.400, -288.593, 7.725, -146.789
64986.410, -288.563, 7.672, -146.823
64986.430, -288.593, 7.725, -146.789
64986.440, -288.593, 7.725, -146.789
64986.460, -288.563, 7.672, -146.823
64986.470, -288.593, 7.725, -146.789
64986.480, -288.593, 7.725, -146.788
64986.500, -288.563, 7.672, -146.823
64986.510, -288.593, 7.725, -146.788
64986.530, -288.593, 7.725, -146.788
64986.540, -288.593, 7.725, -146.788
64986.550, -288.563, 7.672, -146.823
64986.570, -288.593, 7.725, -146.788
64986.580, -288.593, 7.725, -146.788
64986.590, -288.563, 7.672, -146.823
64986.610, -288.593, 7.725, -146.788
64986.620, -288.593, 7.725, -146.788
64986.640, -288.563, 7.672, -146.823
64986.650, -288.593, 7.725, -146.788
64986.660, -288.593, 7.725, -146.788
64986.680, -288.563, 7.672, -146.823
64986.690, -288.593, 7.725, -146.788
64986.710, -288.593, 7.725, -146.788
64986.720, -288.592, 7.725, -146.788
64986.730, -288.563, 7.672, -146.823
64986.750, -288.592, 7.725, -146.788
64986.760, -288.592, 7.725, -146.788
64986.770, -288.563, 7.672, -146.823
64986.790, -288.592, 7.725, -146.788
64986.800, -288.592, 7.725, -146.788
64986.820, -288.592, 7.725, -146.788
64986.830, -288.563, 7.672, -146.823
64986.850, -288.592, 7.725, -146.788
64986.860, -288.592, 7.725, -146.788
64986.880, -288.563, 7.672, -146.823
64986.890, -288.592, 7.725, -146.788
64986.900, -288.592, 7.725, -146.788
64986.910, -288.563, 7.672, -146.823
64986.930, -288.592, 7.725, -146.788
64986.940, -288.592, 7.725, -146.788
64986.960, -288.563, 7.672, -146.823
64986.970, -288.592, 7.725, -146.788
64986.980, -288.592, 7.725, -146.788
64987.000, -288.563, 7.672, -146.823
64987.010, -288.592, 7.725, -146.788
64987.030, -288.592, 7.725, -146.788
64987.040, -288.592, 7.725, -146.788
64987.050, -288.563, 7.672, -146.823
64987.070, -288.592, 7.725, -146.788
64987.080, -288.592, 7.725, -146.788
64987.090, -288.563, 7.672, -146.823
64987.110, -288.592, 7.725, -146.788
64987.120, -288.592, 7.725, -146.788
64987.140, -288.563, 7.672, -146.823
64987.150, -288.592, 7.725, -146.788
64987.160, -288.592, 7.725, -146.788
64987.180, -288.563, 7.672, -146.823
64987.190, -288.592, 7.725, -146.788
64987.210, -288.592, 7.725, -146.788
64987.220, -288.592, 7.725, -146.788
64987.230, -288.563, 7.672, -146.823
64987.250, -288.592, 7.726, -146.788
64987.260, -288.592, 7.726, -146.788
64987.270, -288.563, 7.672, -146.823
64987.290, -288.592, 7.726, -146.788
64987.300, -288.592, 7.726, -146.788
64987.320, -288.563, 7.672, -146.823
64987.330, -288.592, 7.726, -146.788
64987.350, -288.592, 7.726, -146.788
64987.360, -288.592, 7.726, -146.788
64987.370, -288.563, 7.672, -146.823
64987.390, -288.592, 7.726, -146.788
64987.400, -288.592, 7.726, -146.788
64987.410, -288.563, 7.672, -146.823
64987.430, -288.592, 7.726, -146.788
64987.440, -288.592, 7.726, -146.788
64987.460, -288.563, 7.672, -146.823
64987.470, -288.592, 7.726, -146.788
64987.480, -288.592, 7.726, -146.788
64987.500, -288.563, 7.672, -146.823
64987.510, -288.592, 7.726, -146.788
64987.530, -288.592, 7.726, -146.788
64987.540, -288.592, 7.726, -146.788
64987.550, -288.563, 7.672, -146.823
64987.570, -288.592, 7.726, -146.787
64987.580, -288.592, 7.726, -146.787
64987.590, -288.563, 7.672, -146.823
64987.610, -288.592, 7.726, -146.787
64987.630, -288.592, 7.726, -146.787
64987.640, -288.563, 7.672, -146.823
64987.650, -288.592, 7.726, -146.787
64987.660, -288.592, 7.726, -146.787
64987.680, -288.563, 7.672, -146.823
64987.690, -288.592, 7.726, -146.787
64987.710, -288.592, 7.726, -146.787
64987.720, -288.592, 7.726, -146.787
64987.730, -288.563, 7.672, -146.823
64987.750, -288.592, 7.726, -146.787
64987.760, -288.592, 7.726, -146.787
64987.770, -288.563, 7.672, -146.823
64987.790, -288.592, 7.726, -146.787
64987.800, -288.592, 7.726, -146.787
64987.820, -288.563, 7.672, -146.823
64987.830, -288.592, 7.726, -146.787
64987.840, -288.592, 7.726, -146.787
64987.860, -288.563, 7.672, -146.823
64987.870, -288.592, 7.726, -146.787
64987.890, -288.592, 7.726, -146.787
64987.900, -288.592, 7.726, -146.787
64987.910, -288.563, 7.672, -146.823
64987.930, -288.592, 7.726, -146.787
64987.940, -288.592, 7.726, -146.787
64987.960, -288.563, 7.672, -146.823
64987.970, -288.592, 7.726, -146.787
64987.980, -288.592, 7.726, -146.787
64988.000, -288.563, 7.672, -146.823
64988.010, -288.592, 7.726, -146.787
64988.030, -288.592, 7.726, -146.787
64988.040, -288.592, 7.726, -146.787
64988.050, -288.563, 7.672, -146.823
64988.070, -288.592, 7.726, -146.787
64988.080, -288.592, 7.726, -146.787
64988.090, -288.563, 7.672, -146.823
64988.110, -288.592, 7.726, -146.787
64988.130, -288.592, 7.726, -146.787
64988.140, -288.563, 7.672, -146.823
64988.150, -288.592, 7.726, -146.787
64988.160, -288.592, 7.726, -146.787
64988.180, -288.563, 7.672, -146.823
64988.190, -288.592, 7.726, -146.787
64988.210, -288.592, 7.726, -146.787
64988.220, -288.592, 7.727, -146.787
64988.230, -288.563, 7.672, -146.823
64988.250, -288.592, 7.727, -146.787
64988.260, -288.592, 7.727, -146.787
64988.280, -288.563, 7.672, -146.823
64988.290, -288.592, 7.727, -146.787
64988.300, -288.592, 7.727, -146.787
64988.320, -288.563, 7.672, -146.823
64988.330, -288.592, 7.727, -146.787
64988.340, -288.592, 7.727, -146.787
64988.360, -288.592, 7.727, -146.787
64988.370, -288.563, 7.672, -146.823
64988.390, -288.592, 7.727, -146.787
64988.400, -288.592, 7.727, -146.787
64988.410, -288.563, 7.672, -146.823
64988.430, -288.592, 7.727, -146.787
64988.440, -288.592, 7.727, -146.787
64988.460, -288.563, 7.672, -146.823
64988.470, -288.592, 7.727, -146.787
64988.480, -288.592, 7.727, -146.787
64988.500, -288.563, 7.672, -146.823
64988.520, -288.592, 7.727, -146.787
64988.520, -288.592, 7.727, -146.787
64988.540, -288.592, 7.727, -146.787
64988.550, -288.563, 7.672, -146.823
64988.570, -288.592, 7.727, -146.787
64988.580, -288.592, 7.727, -146.787
64988.590, -288.563, 7.672, -146.823
64988.610, -288.592, 7.727, -146.787
64988.620, -288.592, 7.727, -146.787
64988.640, -288.563, 7.672, -146.823
64988.650, -288.592, 7.727, -146.787
64988.660, -288.592, 7.727, -146.787
64988.680, -288.563, 7.672, -146.823
64988.690, -288.592, 7.727, -146.787
64988.710, -288.592, 7.727, -146.787
64988.720, -288.592, 7.727, -146.786
64988.730, -288.563, 7.672, -146.823
64988.750, -288.592, 7.727, -146.786
64988.760, -288.592, 7.727, -146.786
64988.770, -288.563, 7.672, -146.823
64988.790, -288.592, 7.727, -146.786
64988.800, -288.592, 7.727, -146.786
64988.820, -288.563, 7.672, -146.823
64988.830, -288.592, 7.727, -146.786
64988.840, -288.592, 7.727, -146.786
64988.860, -288.592, 7.727, -146.786
64988.870, -288.563, 7.672, -146.823
64988.890, -288.592, 7.727, -146.786
64988.900, -288.592, 7.727, -146.786
64988.910, -288.563, 7.672, -146.823
64988.930, -288.592, 7.727, -146.786
64988.940, -288.592, 7.727, -146.786
